:          _conname             _con         _con.slack         _con.up
 :=
1    amount_c11                  0            18                   26
2    amount_c12              -1320             0                   26
3    amount_c13              -3300             0                   26
4    amount_c14              -7260             0                   26
5    amount_c2                   0            54.0283           1e+20
6    amount_c3                   0            25.7278           1e+20
7    lot_size_c                  2.62626       0              2539980
8    parking_c                   0         94151.7              1e+20
9    total_land_space_c          9.17083       0             15268100
10   five_bedroom_max_c          0           172.009            1e+20
11   five_bedroom_min_c          0             4.41048              4.41048
12   four_bedroom_max_c          0           113.202            1e+20
13   four_bedroom_min_c          0           151.426              151.426
14   three_bedroom_max_c         0            67.6273           1e+20
15   three_bedroom_min_c         0           197.001              197.001
16   two_bedroom_max_c       33424.2           2.84217e-14         13.3098
17   two_bedroom_min_c           0           176.419              176.419
18   products_definition1    61932.5          -4.26326e-14          5.17142
19   products_definition2   -14825.8          -2.84217e-14          5.13641
20   products_definition3    -2259.96         -7.10543e-15          5.13601
21   products_definition4    19806.5           0                   16.5805
22   product1_max_c              0           352.838            1e+20
23   product1_min_c         -59347.7           3.55271e-14         19.8532
24   product2_max_c          16454.8           1.98952e-13         20.3857
25   product2_min_c              0           352.838              352.838
26   product3_max_c              0           323.435            1e+20
27   product3_min_c              0            29.4032              29.4032
28   product4_max_c              0            29.4032           1e+20
29   product4_min_c              0           323.435              323.435
30   variety_c1               2565.83          0                   13.2287
31   variety_c2                  0            39.6943              39.6943
32   variety_c3                  0            26.4629           1e+20
33   variety_c4                  0            13.2314              13.2314
34   variety_c5                  0            39.6943           1e+20
35   variety_c6               -600             0                    5.88063
36   variety_c7                  0            39.6943           1e+20
37   variety_c8             -11965.8           0                    5.88116
38   variety_c9               3586.69          0                   30.8446
39   variety_c10                 0            92.62                92.62
40   variety_c11                 0            61.7467           1e+20
41   variety_c12                 0            30.8733              30.8733
42   variety_c13                 0            92.62             1e+20
43   variety_c14             -8965.83          0                   30.8879
44   variety_c15                 0            92.62             1e+20
45   variety_c16            -10165.8           0                    5.88116
46   variety_c17              4165.83         -1.42109e-14          8.81976
47   variety_c18                 0            44.1048              44.1048
48   variety_c19                 0            35.2838           1e+20
49   variety_c20                 0             8.82095              8.82095
50   variety_c21                 0            38.2241           1e+20
51   variety_c22                 0             5.88063              5.88063
52   variety_c23                 0            44.1048           1e+20
53   variety_c24            -39590             0                    4.8015
54   variety_c25             51590             0                   13.3071
55   variety_c26                 0            88.2095              88.2095
56   variety_c27              5000             0                   58.8063
57   variety_c28                 0            88.2095              88.2095
58   variety_c29                 0            29.4032           1e+20
59   variety_c30                 0            58.8063              58.8063
60   appearence_c            -6000             2.84217e-14          8.82095
61   affordable_c                0           176.419              176.419
;
:  _con.current     _con.down      :=
1            8     -1e+20
2            8          0
3            8          0
4            8          0
5            0        -54.0283
6            0        -25.7278
7      1089000     696960
8       653400     559248
9     13068000    3668410
10           0       -172.009
11           0     -1e+20
12           0       -113.202
13           0     -1e+20
14           0        -67.6273
15           0     -1e+20
16           0        -26.155
17           0     -1e+20
18           0         -7.18539
19           0         -7.25409
20           0        -20.3939
21           0        -26.8937
22           0       -352.838
23           0        -12.8021
24           0        -24.0158
25           0     -1e+20
26           0       -323.435
27           0     -1e+20
28           0        -29.4032
29           0     -1e+20
30           0         -4.41077
31           0     -1e+20
32           0        -26.4629
33           0     -1e+20
34           0        -39.6943
35           0         -8.82095
36           0        -39.6943
37           0         -8.81976
38           0        -61.8618
39           0     -1e+20
40           0        -61.7467
41           0     -1e+20
42           0        -92.62
43           0        -61.6884
44           0        -92.62
45           0         -8.81976
46           0        -35.3029
47           0     -1e+20
48           0        -35.2838
49           0     -1e+20
50           0        -38.2241
51           0     -1e+20
52           0        -44.1048
53           0        -13.3071
54           0        -26.1654
55           0     -1e+20
56           0        -29.4032
57           0     -1e+20
58           0        -29.4032
59           0     -1e+20
60           0         -5.88063
61           0     -1e+20
;

