:      _varname        _var         _var.rc        _var.down _var.current    :=
1    'x[1,1]'         26            -1.81899e-12    209880       211200
2    'x[1,2]'         66.62          2.72848e-11    151431       154000
3    'x[2,1]'          8             2.72848e-11    -1e+20       205480
4    'x[2,2]'         58.1571        2.72848e-11    149000       149600
5    'x[3,1]'          8             2.72848e-11    -1e+20       196900
6    'x[3,2]'         44.9257        2.72848e-11    139700       143000
7    'x[4,1]'          8             2.72848e-11    -1e+20       179740
8    'x[4,2]'         44.9257       -1.81899e-12    122540       129800
9    'x[5,1]'          0        -47274.7            -1e+20        82800
10   'x[5,2]'        216.113        -1.81899e-12     71989.8      75600
11   'x[6,1]'          0        -24783.5            -1e+20            0
12   'x[6,2]'        154.367        -1.81899e-12     59412.9      68400
13   'x[7,1]'          0        -15817.7            -1e+20            0
14   'x[7,2]'        123.493        -3.63798e-12     41070.6      57600
15   'x[8,1]'          0         -8617.71           -1e+20            0
16   'x[8,2]'        123.493        -3.63798e-12     41394.6      50400
17   'x[9,1]'          0        -20632.1            -1e+20        66000
18   'x[9,2]'        102.911        -1.18234e-11     55827.6      60000
19   'x[10,1]'         0        -12217.7            -1e+20            0
20   'x[10,2]'        67.6273        5.45697e-12     48000        54000
21   'x[11,1]'         0         -6217.71           -1e+20            0
22   'x[11,2]'        64.687         6.36646e-12     47400        48000
23   'x[12,1]'         0           -51.8754         -1e+20            0
24   'x[12,2]'        58.8063        0               39947.1      40000
25   'x[13,1]'         0        -35741.3            -1e+20            0
26   'x[13,2]'       205.822        -7.27596e-12     27355.4      55000
27   'x[14,1]'         0        -22575.4            -1e+20            0
28   'x[14,2]'       205.822        -5.45697e-12     35000        40000
29   'x[15,1]'         0        -17575.4            -1e+20            0
30   'x[15,2]'       176.419         1.81899e-12     16961.9      35000
31   'products[1]'   264.629         2.18279e-11   -283928            0
32   'products[2]'   617.467         8.18545e-12    -15758.8          0
33   'products[3]'   294.032        -9.09495e-13    -32782.8          0
34   'products[4]'   588.063        -1.13687e-12    -13456.7          0
;
:      _var.up      :=
1     1e+20
2    155320
3    206800
4    151952
5    200200
6    143600
7    187000
8    132740
9    130075
10    76320.1
11    24783.5
12    69408.2
13    15817.7
14    58860.2
15     8617.71
16    51660.2
17    86632.1
18    61512.2
19    12217.7
20    54600
21     6217.71
22    50405.8
23       51.8754
24    67896.3
25    35741.3
26    55756.1
27    22575.4
28    40756.1
29    17575.4
30    35882.1
31      588.093
32      252.04
33      529.284
34      264.642
;

